578,34.1561586,-118.3699039
21533,33.6577256,-117.2205771
26551,36.3302284,-119.2920585
21699,35.3559776,-119.0193825
2266,40.5084487,-106.8591612
1617,33.9979881,-118.4745905
3217,39.9611427,-105.1667339
11545,36.3302284,-119.2920585
3026,36.3430625,-119.4257238
20149,34.0243824,-118.1928726
1858,32.715738,-117.1610838
21474,32.748244,-117.135555
23666,45.6387281,-122.6614861
746,34.0023063,-118.469097
4663,32.612165,-117.09155
657,37.7839393,-122.242279
5944,36.778261,-119.4179324
827,37.7438058,-122.4216526
26586,34.1572125,-118.4054
18125,35.2827524,-120.6596156
964,34.0430774,-118.4312205
6522,32.7494988,-117.2470353
6189,38.5143077,-122.9831607
6635,34.7513712,-118.2522977
925,38.6115804,-121.4339231
21491,33.7455731,-117.8678338
26596,45.4958789,-122.6093776
26654,33.6899213,-117.7729223
7387,39.4064971,-105.4766783
7584,34.0427339,-118.4237319
7621,33.8017659,-117.1455862
8129,37.3237201,-121.9362127
18270,35.2827524,-120.6596156
23592,34.0045896,-118.3331495
8476,33.7739053,-117.9414477
7933,38.8778926,-104.8104424
8350,36.9741171,-122.0307963
8494,32.7478086,-117.1081777
7930,32.7494988,-117.2470353
8352,37.8534093,-121.9017954
8907,33.982268,-118.4615559
18423,34.7513712,-118.2522977
8771,52.3714892,4.896645
18465,33.640855,-117.603104
9644,34.0197335,-117.9586754
1088,33.7700504,-118.1937395
9645,33.4669721,-117.6981075
24981,33.6469661,-117.689218
9295,42.4538076,-83.0836291
10942,34.0509202,-117.4987712
9800,34.09751,-117.6483876
10165,39.7186001,-105.0172283
9688,39.723971,-105.180021
10819,33.82379,-116.3807485
10999,33.6899213,-117.7729223
26690,33.6899213,-117.7729223
10740,47.1344563,-122.4341287
10726,39.306026,-123.7984586
10715,47.531189,-122.586868
10852,33.8302961,-116.5452921
11429,33.5649666,-117.7286041
1734,37.0566818,-122.0757169
11574,34.2037124,-118.4571974
11186,42.7811566,-86.0219255
11525,34.1478263,-118.2759119
11643,37.3393857,-121.8949555
2031,33.62631,-117.7148187
12167,34.0876091,-118.3086171
11867,33.6469661,-117.689218
18587,34.1629833,-118.3734674
11771,36.3136201,-121.3541631
11646,40.680001,-122.355776
12348,47.7151435,-122.344475
12277,33.9533487,-117.3961564
2033,33.8640647,-118.1766294
18601,34.09751,-117.6483876
12190,36.9756764,-121.888087
12671,34.0197335,-117.9586754
12173,33.9424658,-117.2296717
12229,33.6899213,-117.7729223
18644,37.7749295,-122.4194155
18745,39.0968493,-120.0323507
18749,33.9319578,-117.9461734
12850,39.7691598,-105.0522578
13402,39.7795598,-104.9203696
13290,38.6944996,-120.8158515
13448,47.6645775,-122.3130984
13792,34.3916641,-118.542586
13685,47.925455,-122.3006919
13772,34.0197335,-117.9586754
13952,34.0837501,-118.3067468
22901,33.9623168,-118.4213131
13810,36.778261,-119.4179324
14254,33.7386766,-118.2894201
26829,38.083403,-122.7633036
14469,34.274646,-119.2290316
14772,34.0522342,-118.2436849
14664,34.2059349,-118.3875124
2083,36.7468422,-119.7725868
14416,37.9577016,-121.2907796
14450,38.6871365,-121.1073082
14883,34.8781109,-116.9681091
15253,34.0197335,-117.9586754
15455,34.7513712,-118.2522977
8865,36.3136201,-121.3541631
14842,47.6564939,-122.6859342
2684,40.0171318,-105.2798156
2136,33.7270655,-117.8454036
15999,36.588269,-121.8491091
26938,34.546824,-117.2882689
15775,33.4669721,-117.6981075
15878,34.0197335,-117.9586754
26964,34.1790563,-118.4401951
19097,47.5681959,-122.2897379
16583,36.9741171,-122.0307963
16592,33.9424658,-117.2296717
16211,37.1171676,-122.1205098
3713,39.6835237,-104.8805976
3691,34.083575,-118.3070906
16226,34.1724699,-118.382737
16356,47.6010496,-122.3333214
16886,33.660297,-117.9992265
26475,32.7478086,-117.1081777
16875,34.1141743,-116.432235
16844,45.6387281,-122.6614861
27049,36.1988592,-115.1175013
16718,33.9533487,-117.3961564
16924,35.1359386,-114.5285981
27107,32.715738,-117.1610838
17401,37.964157,-121.4056517
17672,47.5335729,-122.598041
27110,33.125339,-117.0842878
3755,33.6469661,-117.689218
17330,34.186357,-118.4305803
17318,47.6231133,-122.3291599
17761,32.7947731,-116.9625269
18187,34.179098,-118.370616
17815,33.5536719,-117.2144902
27116,32.7494988,-117.2470353
18157,38.5815719,-121.4943996
18080,34.2011451,-118.5011443
17830,36.255123,-115.2383485
17910,33.7739053,-117.9414477
17944,34.0509202,-117.4987712
18707,33.6577256,-117.2205771
18747,35.3732921,-119.0187125
27121,34.4208305,-119.6981901
18670,39.7149929,-105.024765
18570,34.0535921,-118.3435352
18973,33.125339,-117.0842878
18914,38.083403,-122.7633036
19006,38.5815719,-121.4943996
4163,38.1237644,-122.255822
18853,33.9985337,-118.2914192
11359,34.0421247,-118.4415086
18837,38.5229913,-121.3898687
14313,34.0548182,-118.3833614
7787,35.3804981,-119.0191115
28489,33.8352932,-117.9145036
4364,38.9180861,-104.7879027
4316,34.1945143,-118.4312805
14941,35.3383075,-119.0528448
19145,46.8408448,-123.2314106
20118,33.62631,-117.7148187
19823,33.7700504,-118.1937395
17539,34.1557035,-118.3698187
18873,34.1141743,-116.432235
27265,44.058126,-121.302157
9817,34.004229,-118.240346
20443,33.125339,-117.0842878
20415,34.09751,-117.6483876
20552,33.6577256,-117.2205771
20555,33.8319309,-117.9993389
20417,34.055103,-117.7499909
20387,34.5062963,-117.9066229
20384,47.7060699,-122.355031
20925,33.8798386,-118.3812562
20808,39.7845602,-105.1358823
21037,42.4437031,-83.2407715
21060,33.6577256,-117.2205771
28241,33.8320843,-117.9477207
21027,34.0160222,-117.5045365
21646,39.7779442,-104.9797911
26546,34.0985272,-118.3041621
21683,36.778261,-119.4179324
21618,34.1726353,-118.561561
21604,34.1477849,-118.1445155
21482,42.4438914,-83.2215232
21407,34.2655187,-118.4671582
21597,33.7909891,-118.2465167
21828,33.8798386,-118.3812562
22037,38.0947074,-122.228575
5017,37.3315434,-121.9060529
21835,34.2007259,-118.4497519
21878,34.0522342,-118.2436849
21887,34.7513712,-118.2522977
22346,33.577675,-117.755435
22245,47.9789848,-122.2020794
27309,33.876347,-118.082798
22163,45.6387281,-122.6614861
27274,34.2080248,-118.3790337
22231,34.8403186,-114.6110016
22718,34.1504931,-118.4306001
22696,32.7162223,-117.1323579
27420,34.0522342,-118.2436849
22788,38.1103773,-122.2618172
22708,32.824121,-117.150855
27339,34.079053,-117.2792071
22791,34.0805023,-118.2701632
23127,34.055103,-117.7499909
23192,33.9168686,-117.4742813
23008,33.9918314,-117.0309724
27538,34.4208305,-119.6981901
22990,37.3203642,-121.8262896
23106,45.5202104,-122.5786425
5307,39.5582009,-107.343225
29056,33.7805469,-118.2621601
23478,35.2827524,-120.6596156
23332,34.4208305,-119.6981901
23395,33.6469661,-117.689218
23682,37.872556,-122.2697892
23836,36.1988592,-115.1175013
23770,47.6140347,-122.3450006
23820,47.514409,-122.356876
23674,33.7700504,-118.1937395
23861,38.586633,-121.486444
14835,47.0459228,-122.9311516
23993,45.5234515,-122.6762071
23928,34.274646,-119.2290316
24032,33.6469661,-117.689218
24034,34.0526914,-118.4398997
24126,33.8302961,-116.5452921
24018,34.0314229,-118.335497
23955,37.955091,-121.322329
5410,39.7302559,-104.9866592
18902,35.3732921,-119.0187125
24561,42.324306,-83.48715
24244,33.5649666,-117.7286041
24528,37.2739895,-121.9335339
24377,47.6934108,-122.3556339
24298,37.4216667,-118.5441667
24279,47.046853,-122.9254819
24517,34.0785347,-118.2601784
24558,34.4796116,-117.3766234
24621,47.0329658,-122.9352981
24855,34.0197335,-117.9586754
24618,33.9319578,-117.9461734
24886,47.208821,-122.483291
24711,47.6213331,-122.6313099
24742,39.771966,-104.908008
25092,34.1083449,-117.2897652
25042,32.9680729,-111.5422
24993,34.0005194,-118.286913
27631,33.6899213,-117.7729223
25109,32.2058959,-110.8206076
25132,33.9533487,-117.3961564
25120,33.7240218,-117.8676335
25325,34.0698602,-117.1216261
18939,37.8715926,-122.272747
27714,33.8302961,-116.5452921
25582,34.143049,-118.4040209
25461,33.9415889,-118.40853
25367,40.0169695,-105.2633036
25521,34.8600849,-117.0915938
25808,34.1477849,-118.1445155
18978,38.5779555,-122.9888319
25631,33.9415889,-118.40853
25732,34.135383,-117.206953
25770,32.612165,-117.09155
19037,33.9533487,-117.3961564
25655,35.1359386,-114.5285981
25892,47.6242778,-122.3582715
27590,33.6469661,-117.689218
25852,34.205037,-118.3884
25847,34.2583551,-118.4316352
26061,34.0197335,-117.9586754
26074,33.4662772,-111.9951666
26278,36.255123,-115.2383485
26283,47.2305296,-122.4711876
26306,34.0194543,-118.4911912
27068,33.760203,-117.8415162
5503,33.874554,-118.3694688
26554,33.5536719,-117.2144902
26557,32.715738,-117.1610838
26563,34.153066,-118.468741
26577,33.6899213,-117.7729223
26428,33.7739053,-117.9414477
26501,34.0955495,-118.2871206
26487,45.504487,-122.4985795
26799,47.5153237,-122.3553846
26724,34.055103,-117.7499909
26632,32.7947731,-116.9625269
26725,34.0509202,-117.4987712
26768,34.0900091,-118.3617443
26874,33.82379,-116.3807485
26875,34.0686591,-118.2626408
26743,34.519598,-117.994443
26959,36.7468422,-119.7725868
27081,34.1670772,-118.5324331
27037,39.7284944,-121.8374777
27083,36.7468422,-119.7725868
5781,33.8798386,-118.3812562
27061,33.6899213,-117.7729223
27259,33.9595828,-118.3809857
27253,32.715738,-117.1610838
27243,47.6476607,-122.6412583
27146,33.8291521,-117.2351971
27311,37.967568,-121.321602
27194,47.5994329,-122.29946
27290,37.975363,-121.263953
27569,33.6680772,-117.3272615
27522,34.1083449,-117.2897652
27477,34.0928092,-118.3286614
27530,33.82379,-116.3807485
27613,36.3136201,-121.3541631
27568,34.0813854,-118.3089802
27405,34.2598474,-118.311508
27695,38.6017564,-121.4429857
27760,38.847572,-104.760632
27664,34.1731346,-118.5583348
27818,33.660297,-117.9992265
27722,46.165582,-122.9160099
27956,36.1988592,-115.1175013
28114,45.6387281,-122.6614861
27925,32.2359604,-110.90495
28103,34.8600849,-117.0915938
28037,34.136576,-117.334979
28001,34.15009,-117.293693
27897,34.0197335,-117.9586754
28174,33.8142898,-116.4965341
6006,33.125339,-117.0842878
28318,33.7857948,-118.2643567
28317,42.331427,-83.0457538
28159,47.750087,-123.7510225
6031,39.6521342,-104.8807613
28371,34.8600849,-117.0915938
28450,33.1607056,-117.3507735
28465,37.8534093,-121.9017954
28660,34.0502766,-117.3498955
6073,37.2505466,-107.8701563
28600,33.5675237,-112.1504106
28642,33.5536719,-117.2144902
28586,34.30892,-118.4722475
28609,34.4796116,-117.3766234
28635,36.1988592,-115.1175013
28536,45.5322863,-122.684519
28827,33.874554,-118.3694688
28774,34.04787,-118.351992
28872,47.6142107,-122.3213286
28834,37.872556,-122.2697892
28720,36.255123,-115.2383485
28761,33.9533487,-117.3961564
28858,38.8411029,-104.748422
28953,33.87792,-117.520017
28998,39.751716,-104.999877
27759,32.715738,-117.1610838
29073,39.744058,-104.973044
29036,37.7004,-121.7951278
29165,34.0502766,-117.3498955
29207,34.2390945,-118.393489
29256,45.0045081,-123.0104608
29236,39.783593,-104.8520999
27789,33.554076,-111.892682
29249,38.086382,-122.211084
29488,34.0634946,-118.4475923
29383,34.1141743,-116.432235
29401,34.1361903,-117.281886
29436,34.4796116,-117.3766234
29452,33.9168686,-117.4742813
10621,47.5988709,-122.3163755
29341,33.978822,-118.3089795
29613,32.750161,-117.243614
920,34.0972484,-118.3443873
19151,32.7478086,-117.1081777
29576,39.7397559,-104.9148045
27892,34.09751,-117.6483876
29819,34.013313,-118.291508
29690,34.106717,-118.25553
19163,32.7947731,-116.9625269
30133,39.772003,-104.922553
19910,37.8124554,-122.2709883
30137,39.772786,-104.849408
30171,34.219604,-118.599811
30183,34.015215,-118.265268
30361,39.707387,-104.938842
8612,40.0173096,-105.2526539
30366,39.772774,-104.968472
30242,33.916927,-117.274057
30500,39.742704,-104.980075
27896,34.179629,-118.534984
19209,33.874554,-118.3694688
30649,35.422331,-119.021198
6764,39.6790118,-104.9195697
30729,34.04549,-118.376524
30715,39.653031,-104.880738
19225,38.1040864,-122.2566367
6853,39.5089245,-106.0515874
19236,33.6899213,-117.7729223
19240,33.6899213,-117.7729223
19280,33.6469661,-117.689218
730,34.0823625,-118.2717978
19285,38.1040864,-122.2566367
28619,37.7749295,-122.4194155
23262,33.9540572,-118.3089913
9843,33.9962144,-118.4688776
26878,34.0690534,-118.2982905
24023,34.0197335,-117.9586754
18293,33.960287,-118.310219
17066,34.1520112,-118.3641705
4612,39.6784546,-104.9087088
27697,47.2076849,-122.484033
22204,33.5536719,-117.2144902
27996,34.0726053,-117.2601015
761,37.8632729,-122.2906103
18708,34.2135477,-118.5277757
27960,34.0038821,-117.4869697
7711,38.331898,-104.709809
22907,47.7663469,-122.3455584
1051,33.9450117,-118.3724138
19482,33.6899213,-117.7729223
26734,33.7825194,-117.2286478
30277,32.878114,-117.168469
29501,39.7520366,-104.9898434
11195,47.358474,-122.1254826
19590,33.1872155,-117.2817775
19684,34.1083449,-117.2897652
11750,34.0440461,-118.3084857
7062,37.9577016,-121.2907796
19780,34.8600849,-117.0915938
19751,33.817907,-117.991551
15102,32.7478086,-117.1081777
30107,33.961599,-118.291784
19781,33.874554,-118.3694688
15627,47.5262961,-122.3150796
6016,32.715738,-117.1610838
22251,37.4216667,-118.5441667
7148,39.7398094,-104.9828304
16089,33.577675,-117.755435
25712,33.9845417,-117.5159449
7172,34.1477849,-118.1445155
27604,33.1607056,-117.3507735
20918,33.981579,-118.322078
18083,33.9319578,-117.9461734
27270,33.7526686,-117.9190418
18738,33.4483771,-112.0740373
27999,47.6142107,-122.3213286
28094,38.4973136,-121.509949
5872,39.698886,-104.983471
19288,33.819327,-118.299855
3995,33.7455731,-117.8678338
25039,34.0928092,-118.3286614
25417,36.255123,-115.2383485
22428,33.1793894,-117.3364039
22652,36.7468422,-119.7725868
18027,38.8265615,-104.8238855
7224,34.2002053,-118.4665522
12301,38.5815719,-121.4943996
14876,36.7468422,-119.7725868
24314,37.2875833,-121.8451003
27193,44.9222103,-123.0295409
26168,34.2024633,-118.6061889
19782,33.8352932,-117.9145036
28212,40.0173096,-105.2526539
15324,32.7947731,-116.9625269
23646,33.7739053,-117.9414477
19802,-23.6605742,-51.3260472
28191,37.7438727,-122.1939996
28997,39.7533363,-105.0534842
19806,33.9960742,-117.4061652
7378,32.7956229,-117.2509535
17429,38.1040864,-122.2566367
29895,42.426755,-83.141282
5894,38.926443,-104.810534
19962,47.5395258,-122.0318253
12454,32.715738,-117.1610838
28217,37.872556,-122.2697892
7649,37.3926368,-121.8941519
4539,37.303737,-121.85874
1082,34.048021,-118.326173
29872,39.706503,-105.039507
20048,34.8781109,-116.9681091
27797,34.1489719,-118.451357
28244,33.5649666,-117.7286041
20145,38.5815719,-121.4943996
20129,47.7869433,-122.1441777
24733,33.8302961,-116.5452921
17214,35.2827524,-120.6596156
20216,34.0197335,-117.9586754
22442,38.5815719,-121.4943996
20187,34.2282499,-118.464783
26217,34.04797,-118.3488102
25680,35.2827524,-120.6596156
15014,39.7285449,-104.999917
29198,39.736952,-104.9719528
20373,34.4208305,-119.6981901
10834,39.7695271,-105.0482193
7775,38.425128,-105.022432
20264,35.2827524,-120.6596156
14419,34.8608154,-118.1640835
24006,34.0734019,-118.1637591
8270,34.8451808,-118.1605882
28516,33.1607056,-117.3507735
20324,33.5536719,-117.2144902
25609,36.255123,-115.2383485
28235,32.612165,-117.09155
7803,40.0189198,-105.2751056
28531,32.889095,-117.14869
7985,38.5101413,-122.7648946
22177,47.240051,-122.439421
28499,33.8591135,-117.8179882
28319,34.2570373,-118.4653377
29280,34.0466526,-118.2082333
26479,33.5536719,-117.2144902
19371,32.715738,-117.1610838
14616,38.5093328,-121.3901118
7274,40.0153972,-105.2237002
26517,34.1492147,-118.4398425
16151,34.091205,-118.3382134
8086,33.9415889,-118.40853
5026,40.2035511,-105.102614
28320,34.1494848,-118.5506158
24215,37.964157,-121.4056517
8175,32.8024577,-117.2355851
21926,34.4796116,-117.3766234
28338,35.1359386,-114.5285981
28346,35.3574282,-119.0185711
8295,38.6105951,-121.4327028
23330,34.0906094,-118.2784411
28504,34.1696358,-118.5375076
24156,47.728515,-117.364175
17407,34.2068738,-118.3967734
14615,38.083403,-122.7633036
18734,35.2827524,-120.6596156
27041,34.1083449,-117.2897652
28641,40.8670964,-124.0889686
27576,38.1103189,-122.257488
25228,42.2808256,-83.7430378
643,37.7681384,-122.4246791
29754,34.017503,-118.143658
29506,47.689319,-117.411527
30189,34.209313,-118.466216
28851,42.331427,-83.0457538
8489,34.0636541,-118.308405
26831,33.9845417,-117.5159449
30310,34.201683,-118.390392
28704,34.011003,-118.319597
22052,34.1721346,-118.3747654
8536,39.7439895,-105.110176
28350,33.874554,-118.3694688
28361,34.0197335,-117.9586754
8636,39.7028914,-105.0253576
638,37.7866941,-122.4194293
28394,33.8798386,-118.3812562
18872,35.3827107,-118.9986773
21769,34.0197335,-117.9586754
8384,34.0197335,-117.9586754
19372,32.715738,-117.1610838
28402,34.1494848,-118.5506158
19856,33.7793737,-118.2622763
14542,39.7281503,-105.0532301
8891,33.8343805,-117.5200543
8775,37.3590469,-121.908057
8869,39.8028984,-104.9916172
19363,47.1557473,-122.3590971
16828,38.5815719,-121.4943996
8954,34.274646,-119.2290316
19312,34.4208305,-119.6981901
27205,34.057423,-118.2916266
15213,34.194482,-118.369372
30276,38.113911,-122.254631
16852,34.274646,-119.2290316
9442,33.7385216,-118.2876986
29437,34.2084313,-118.4651031
20654,47.0479148,-122.7960467
12599,33.7700504,-118.1937395
28995,39.6734087,-104.9737807
28433,47.786956,-121.971067
22924,33.6469661,-117.689218
28429,37.964157,-121.4056517
23743,32.715738,-117.1610838
11233,34.09751,-117.6483876
28446,34.055103,-117.7499909
28467,38.6871365,-121.1073082
29695,33.760117,-117.8823
26906,35.2827524,-120.6596156
28421,33.776961,-117.2308327
6127,39.751716,-104.999877
17771,32.7478086,-117.1081777
14663,37.872556,-122.2697892
14472,37.3430358,-121.8780035
25860,32.881056,-111.70716
27689,33.8469812,-117.9541894
26558,47.5150363,-122.3551518
18533,33.9918314,-117.0309724
20577,34.0698602,-117.1216261
12171,34.0377235,-118.2575511
8499,33.9533487,-117.3961564
27780,44.0730574,-121.305137
30463,39.638635,-105.035967
9049,33.6899213,-117.7729223
9057,37.7749295,-122.4194155
9067,39.898834,-104.963312
26065,37.9577016,-121.2907796
22324,34.4208305,-119.6981901
18512,36.588269,-121.8491091
20585,33.6577256,-117.2205771
26139,33.9424658,-117.2296717
7352,38.332278,-122.714038
23852,34.2003066,-118.5011421
24570,34.0902,-118.211846
28166,33.0113694,-115.4733554
27836,34.0197335,-117.9586754
26935,32.594302,-117.072475
21386,47.6633514,-122.3176407
30275,33.95576,-118.308907
16040,32.612165,-117.09155
6691,38.8502966,-104.6861068
18667,32.6407596,-117.0933177
15382,34.0197335,-117.9586754
28138,37.9577016,-121.2907796
28140,36.255123,-115.2383485
29228,36.255123,-115.2383485
9238,37.3073469,-121.9000381
26302,33.8798386,-118.3812562
24660,47.0360572,-122.8096396
26293,33.6899213,-117.7729223
1002,33.6899213,-117.7729223
28485,37.7749295,-122.4194155
19701,36.255123,-115.2383485
24152,34.4208305,-119.6981901
28502,37.9577016,-121.2907796
28526,34.4796116,-117.3766234
9393,39.7909196,-104.9780661
9311,34.0402804,-118.2424647
16407,33.125339,-117.0842878
11167,33.783195,-117.227968
18955,34.0473629,-118.286183
17155,42.3735328,-83.5090381
20629,38.5815719,-121.4943996
20645,34.4796116,-117.3766234
28173,33.8454475,-116.5051567
27344,33.4669721,-117.6981075
9453,37.7749295,-122.4194155
7338,37.3670776,-121.8889743
27801,33.8320843,-117.9477207
9454,33.125339,-117.0842878
20665,33.5536719,-117.2144902
28527,33.1607056,-117.3507735
29178,34.1175685,-118.1869974
18874,44.9196874,-123.010291
26737,34.3099158,-118.427823
27103,38.5815719,-121.4943996
28695,37.872556,-122.2697892
24189,34.4208305,-119.6981901
9603,33.1607056,-117.3507735
29372,34.0509202,-117.4987712
20218,34.0197335,-117.9586754
28540,33.5649666,-117.7286041
9668,34.0522342,-118.2436849
9741,39.783593,-104.8520999
10026,32.8024577,-117.2355851
6186,37.2335857,-121.7782232
26353,33.4898258,-112.2264794
9747,34.2000475,-118.5358742
29402,34.0158684,-118.2443831
5324,40.016176,-105.2840349
26355,34.125009,-118.219428
870,33.8302961,-116.5452921
20724,33.9472359,-118.0853451
29032,39.685269,-104.9421438
17163,39.6817526,-105.1298985
12222,45.6387281,-122.6614861
7405,34.0197335,-117.9586754
12667,39.665839,-104.941051
19593,32.7947731,-116.9625269
23053,33.6577256,-117.2205771
24274,33.4483771,-112.0740373
9889,36.3136201,-121.3541631
28592,36.9638848,-121.9718443
25615,35.2827524,-120.6596156
28130,34.4796116,-117.3766234
17505,48.892541,-122.48483
26269,34.0194543,-118.4911912
18932,37.7749295,-122.4194155
28616,38.5815719,-121.4943996
12676,34.230119,-118.376643
20769,36.588269,-121.8491091
20894,34.1477849,-118.1445155
10011,34.032457,-118.3686358
29879,34.168299,-118.601714
10105,33.7432801,-117.114748
20921,33.6899213,-117.7729223
29121,34.07768,-117.325669
10115,35.3816508,-118.9905916
23241,33.7455731,-117.8678338
10171,47.6683853,-122.3791003
10188,33.7595508,-117.8442343
10374,32.7947731,-116.9625269
10417,38.5779555,-122.9888319
23821,33.7700504,-118.1937395
22855,36.7468422,-119.7725868
28654,34.1409808,-117.2791862
29581,33.958649,-118.291458
19523,34.4796116,-117.3766234
22684,47.845459,-122.118237
13398,34.0122346,-117.688944
21031,34.2279298,-118.3812562
16259,45.5155707,-122.5374234
12391,34.0501307,-118.3597154
6278,32.715738,-117.1610838
28290,37.964157,-121.4056517
27800,46.770569,-123.00738
17356,38.1008747,-122.2558383
27691,36.1988592,-115.1175013
10476,34.0522342,-118.2436849
21041,33.8585816,-118.2953312
12814,33.876347,-118.082798
10478,33.9415889,-118.40853
28466,36.255123,-115.2383485
30097,34.193704,-118.589082
26361,33.660297,-117.9992265
10927,33.6469661,-117.689218
10541,37.8706355,-122.2929267
27303,33.8322311,-117.9526791
25705,34.4796116,-117.3766234
28045,33.9533487,-117.3961564
16533,47.6084921,-122.336407
26520,34.1413307,-118.372015
17562,34.2195968,-118.588521
28767,47.750087,-123.7510225
4438,37.3326639,-121.8918364
22711,32.715738,-117.1610838
23085,33.6680772,-117.3272615
379,34.216828,-118.59548
12278,42.2460495,-83.6098651
11701,33.5536719,-117.2144902
10695,39.6916027,-105.0536692
26453,33.660297,-117.9992265
28669,32.755557,-117.118843
29368,34.1213898,-117.282218
18682,34.090819,-118.3431697
19869,47.546915,-122.316461
8856,33.7455731,-117.8678338
678,34.0199141,-118.24024
28754,32.7478086,-117.1081777
27377,34.538423,-118.106574
6201,37.8043637,-122.2711137
28770,33.8812132,-118.2912654
11101,33.62631,-117.7148187
28776,34.4796116,-117.3766234
29094,33.125339,-117.0842878
18199,35.3732921,-119.0187125
15027,33.5649666,-117.7286041
27352,33.767838,-118.1728845
28793,33.9928301,-118.2917237
16169,47.6611024,-117.4040544
27646,34.7513712,-118.2522977
5648,39.7109349,-104.9364588
14619,33.9424658,-117.2296717
19801,48.1051071,-123.3765918
28756,34.274646,-119.2290316
20386,35.2827524,-120.6596156
10350,38.8128261,-104.8227325
12894,42.6882282,-86.15356
11114,34.1477849,-118.1445155
15112,38.65629,-121.469908
28850,47.2336757,-122.462257
28839,34.274646,-119.2290316
19325,32.7552129,-117.0442192
25725,33.4653909,-112.112617
17245,33.9702638,-118.3310539
28857,32.2217429,-110.926479
28889,35.2827524,-120.6596156
24719,-23.6605742,-51.3260472
29397,32.7972758,-117.2529189
11171,33.98604,-118.259456
23598,32.612165,-117.09155
28449,33.7602992,-117.8723013
30105,34.075257,-117.7522
10780,38.1040864,-122.2566367
27968,47.6142107,-122.3213286
17703,33.5536719,-117.2144902
1391,39.0968493,-120.0323507
25375,34.0030267,-118.2650927
27644,39.0968493,-120.0323507
12360,33.7051137,-117.8523047
904,33.62631,-117.7148187
12704,33.8302961,-116.5452921
28895,38.5815719,-121.4943996
11309,39.744058,-104.973044
21167,33.9918314,-117.0309724
21197,34.274646,-119.2290316
16977,34.0026658,-118.4362517
25563,34.0197335,-117.9586754
28947,32.7496236,-117.1466015
6756,39.7593777,-104.9860424
18009,34.2023471,-118.4484781
21237,34.0333986,-118.1950421
10975,32.715738,-117.1610838
21207,33.660297,-117.9992265
7192,38.1103773,-122.2618172
21277,33.6899213,-117.7729223
30746,32.751814,-117.002763
21302,34.0194543,-118.4911912
21408,36.255123,-115.2383485
28104,48.836264,-122.487662
11237,33.818606,-118.301308
27353,34.0197335,-117.9586754
28959,33.957716,-118.300548
24718,34.7513712,-118.2522977
26495,37.4216667,-118.5441667
28961,36.778261,-119.4179324
21457,35.6224818,-117.6343755
12298,36.778261,-119.4179324
28976,45.5234515,-122.6762071
29005,39.769882,-104.929836
19368,33.6899213,-117.7729223
29107,34.8781109,-116.9681091
29024,47.2396881,-122.4350645
25703,33.8640647,-118.1766294
29164,-23.6605742,-51.3260472
29114,38.871113,-104.812636
11465,38.88347,-104.81143
28999,39.904627,-104.990927
29167,34.4208305,-119.6981901
29182,39.2827864,-106.0616141
29232,39.7817973,-104.9664307
5431,36.9891289,-121.9742755
22941,34.055103,-117.7499909
29266,36.255123,-115.2383485
29188,33.7838621,-118.2281716
29286,34.0412085,-118.442596
26350,33.7547145,-117.2742214
15079,34.0197335,-117.9586754
29394,33.8798386,-118.3812562
19621,39.654863,-104.885235
26988,33.9424658,-117.2296717
11501,38.8742768,-104.8256205
26252,34.0122346,-117.688944
27093,32.7494988,-117.2470353
26794,33.6899213,-117.7729223
11596,42.3436215,-83.2105183
11580,33.7360619,-118.2922461
21512,37.3393857,-121.8949555
2007,37.4216667,-118.5441667
29282,34.0060216,-118.334434
11624,34.0194543,-118.4911912
13971,32.612165,-117.09155
7611,33.0113694,-115.4733554
13426,34.4796116,-117.3766234
10405,34.0372006,-118.2587858
22700,34.0352098,-118.3788495
21513,33.9472359,-118.0853451
28644,34.055103,-117.7499909
26830,33.62631,-117.7148187
25805,34.1915893,-118.388232
10442,33.125339,-117.0842878
21556,40.5892334,-122.3551378
28438,37.3326918,-121.9012619
21569,47.5696619,-122.3628076
9999,34.0317983,-118.2656601
16584,45.6387281,-122.6614861
30603,32.743723,-117.022414
21796,32.7948593,-116.9676387
11651,33.6577256,-117.2205771
28898,33.9472359,-118.0853451
11668,-23.6605742,-51.3260472
4623,37.34411,-121.9296282
27702,33.9962144,-118.4688776
27824,34.8600849,-117.0915938
410,34.1001782,-118.3238658
876,34.0979552,-118.3064959
4310,40.017755,-105.28212
29518,38.5815719,-121.4943996
21837,33.874554,-118.3694688
29535,39.7398094,-104.9828304
4257,39.6734087,-104.9737807
21907,39.7442126,-105.0256154
6244,34.209865,-118.4483652
23531,34.1477849,-118.1445155
23687,34.0197335,-117.9586754
23736,47.6568411,-117.361956
21106,33.6680772,-117.3272615
757,38.5584826,-121.4611952
27468,33.8187028,-118.3055648
28229,32.612165,-117.09155
21929,34.8600849,-117.0915938
26990,32.776974,-117.119184
25692,32.715738,-117.1610838
11995,37.7243233,-122.4589515
26881,34.0492175,-118.3763202
11719,47.146182,-122.293525
23760,34.0359387,-118.2635623
29552,33.82379,-116.3807485
9240,39.7613714,-104.9820279
21967,34.0818835,-118.2843012
28794,33.6577256,-117.2205771
30664,39.761055,-104.982477
11749,47.0471928,-122.9016318
21979,47.1917776,-122.4205292
5908,36.7468422,-119.7725868
7132,33.82379,-116.3807485
15826,38.083403,-122.7633036
26816,33.983534,-118.2780342
16380,38.447542,-105.196431
11957,34.1721136,-118.4304749
11844,39.306479,-123.7977942
15204,34.4796116,-117.3766234
12021,33.8352932,-117.9145036
12030,42.2593729,-83.7292142
29014,42.343612,-83.219093
20326,32.7494988,-117.2470353
12031,39.904627,-104.990927
26649,33.1607056,-117.3507735
22333,33.876347,-118.082798
21985,34.009685,-117.396278
1453,34.202433,-118.595119
12065,47.8728459,-122.2737533
28624,34.102424,-118.329133
29308,40.5892334,-122.3551378
12079,37.3326918,-121.9012619
12081,38.4282613,-122.738194
28007,34.0900091,-118.3617443
28833,45.5234515,-122.6762071
29568,33.577675,-117.755435
26142,34.0179115,-118.1439502
12153,39.7372923,-104.9944645
30616,38.840193,-104.778029
1209,33.7426505,-118.2921673
13766,37.306957,-121.8791606
10789,37.9577016,-121.2907796
28264,36.7606931,-121.7657346
25020,34.4796116,-117.3766234
28352,34.0197335,-117.9586754
12164,47.7510741,-120.7401386
29778,32.64109,-117.093415
19042,37.3456227,-121.8847222
29240,47.2399039,-122.4349719
26137,45.6387281,-122.6614861
22593,33.743813,-117.867287
26182,34.058594,-118.292014
16083,33.6469661,-117.689218
16141,34.4208305,-119.6981901
12320,33.7743676,-117.8843313
27260,37.872556,-122.2697892
12329,33.7477737,-117.8365549
7456,37.7768432,-122.4139699
12359,34.0197335,-117.9586754
28646,33.7042526,-117.8527581
29219,32.7217834,-117.1614135
29988,34.134378,-118.359625
5463,37.308962,-121.978027
29995,34.12133,-117.312205
12438,34.0716181,-118.3632331
22238,36.255123,-115.2383485
25891,33.7477995,-117.8616448
12477,33.7360619,-118.2922461
12555,37.0715927,-122.0841387
7468,34.1649233,-118.5248565
23512,34.3916641,-118.542586
12571,38.5815719,-121.4943996
12587,33.82379,-116.3807485
25545,35.2671856,-119.036317
12833,33.73874,-117.8678864
10673,34.1544724,-118.5914696
12608,39.7274414,-104.9855883
606,34.0912823,-118.3325796
1545,34.0521543,-118.3764813
30226,33.74326,-117.988292
12946,36.9741171,-122.0307963
27640,32.7947731,-116.9625269
13107,33.4898258,-112.2264794
27983,34.0522342,-118.2436849
11725,38.8484511,-104.8642864
26352,40.019623,-105.2753972
26580,33.1607056,-117.3507735
28541,36.1268103,-115.1659216
29263,33.8595056,-117.836224
13423,37.9577016,-121.2907796
26888,36.255123,-115.2383485
22259,32.7947731,-116.9625269
10356,36.778261,-119.4179324
13714,32.7947731,-116.9625269
25268,34.5548072,-112.4688881
30047,34.179415,-118.397713
13488,34.1512404,-118.4494421
13513,38.6872295,-120.9893388
26204,34.4208305,-119.6981901
30075,34.083642,-118.354643
17340,47.3125956,-122.095885
8195,34.7513712,-118.2522977
13557,37.9577016,-121.2907796
22274,33.5536719,-117.2144902
26927,36.588269,-121.8491091
26136,36.9741171,-122.0307963
11217,33.6899213,-117.7729223
13570,33.62631,-117.7148187
30191,34.207521,-118.571017
22366,34.274646,-119.2290316
22348,32.79591,-117.250824
26433,34.179645,-118.442575
22370,47.1845063,-122.4623375
18355,36.7468422,-119.7725868
22135,38.6871365,-121.1073082
28631,47.220018,-122.42123
13791,33.3929503,-111.908652
25956,33.7042526,-117.8527581
17542,33.0113694,-115.4733554
6991,32.7495675,-117.1136537
29466,33.760203,-117.8415162
26087,33.9533487,-117.3961564
13059,37.7749295,-122.4194155
14867,36.778261,-119.4179324
20444,33.82379,-116.3807485
4673,38.8739983,-104.8061146
30396,34.860971,-118.162782
10799,34.2504005,-118.4675796
19189,32.8256427,-117.1558867
9704,34.2381251,-118.530123
24072,34.2025986,-118.4859236
10287,-23.6605742,-51.3260472
21280,33.8352932,-117.9145036
22395,33.125339,-117.0842878
13834,33.374379,-117.253908
29458,42.407828,-83.2351079
17693,32.715738,-117.1610838
25592,33.9963132,-117.4049097
20087,47.652543,-122.354707
26381,47.7160578,-122.3453582
28125,34.1971005,-118.5364641
29386,34.4208305,-119.6981901
22358,33.8798386,-118.3812562
24046,38.109536,-122.251161
23995,-23.6605742,-51.3260472
26736,34.0224471,-118.2000277
28913,34.2015249,-118.484454
26153,44.9277184,-122.9810532
20322,39.6883637,-105.0246183
13974,34.1804142,-118.3700808
22772,47.2243116,-122.4344779
4465,34.1937557,-118.5875407
29835,34.097296,-117.302954
29388,48.462616,-122.581321
27241,34.0952357,-117.2796853
23418,34.0687468,-118.3008786
21879,39.6793383,-104.9897419
30462,39.730386,-104.987211
29047,32.6148979,-117.090444
10901,33.62631,-117.7148187
28437,33.779302,-118.2649835
27378,34.064951,-112.150123
26426,35.2827524,-120.6596156
28331,33.125339,-117.0842878
27698,33.6781963,-118.0127534
30495,39.7316,-104.986307
28915,34.222917,-118.375155
30480,34.020827,-118.231449
18963,38.837777,-104.7758851
16054,37.3203642,-121.8262896
18965,39.7399513,-104.918748
18484,33.9918314,-117.0309724
8266,32.715738,-117.1610838
30557,33.760217,-117.841991
26645,34.4208305,-119.6981901
30594,33.825217,-117.415077
20825,36.778261,-119.4179324
24693,34.1083449,-117.2897652
26823,34.0197335,-117.9586754
28846,38.5815719,-121.4943996
24051,33.447524,-111.991963
27916,32.826271,-117.151682
27629,34.0698602,-117.1216261
13983,38.8778926,-104.8104424
28907,33.577675,-117.755435
23988,33.8352932,-117.9145036
28443,33.789778,-118.308411
27463,36.3302284,-119.2920585
18489,37.8715926,-122.272747
30670,32.745712,-116.990548
30641,33.229057,-117.247965
22475,33.4669721,-117.6981075
30734,33.656226,-117.372043
27575,37.964157,-121.4056517
18409,33.9959112,-118.4496504
25999,34.274646,-119.2290316
30677,32.881401,-117.157218
14203,34.0834901,-118.2947192
26527,33.62631,-117.7148187
13988,33.577675,-117.755435
14090,47.6062095,-122.3320708
9733,33.7460249,-116.9997612
26516,32.8000138,-117.2528187
21943,34.7513712,-118.2522977
30753,33.70884,-117.88559
24275,32.7416477,-117.1602069
16106,39.769882,-104.929836
10792,34.2021976,-118.4246893
22554,33.9918314,-117.0309724
14414,34.0466347,-118.2818041
4990,37.3640495,-121.9040507
14350,33.9424658,-117.2296717
14351,38.5779555,-122.9888319
14505,34.8600849,-117.0915938
11550,33.7478155,-117.8462159
27802,33.825716,-116.403855
14515,34.2012938,-118.427913
28233,33.82379,-116.3807485
21978,33.4483771,-112.0740373
632,37.7259398,-122.4635402
16517,34.1001122,-117.671992
22575,32.7494988,-117.2470353
27559,47.6982121,-122.3442794
20184,34.4208305,-119.6981901
26866,47.6142107,-122.3213286
13487,34.066358,-118.208202
19663,38.139365,-122.252658
12761,38.6871365,-121.1073082
25385,45.5048146,-122.4882814
18982,34.1727442,-118.3796206
17943,34.0955341,-118.2876194
22604,33.6680772,-117.3272615
29321,37.9577016,-121.2907796
27652,34.0530735,-118.3748463
29994,35.353854,-119.003649
28276,48.1170722,-123.4287345
17538,48.42599,-122.3585845
19239,33.6899213,-117.7729223
18234,45.50906,-122.659083
20278,33.6899213,-117.7729223
9405,32.7947731,-116.9625269
19238,37.8534093,-121.9017954
30420,33.973136,-118.214527
19224,34.0412085,-118.442596
9312,39.7776485,-104.9699985
29624,34.225406,-118.53603
25136,32.426941,-110.960757
21916,32.0359583,-109.9486084
24505,47.24972,-122.2500663
6249,34.1500757,-118.3799652
14516,37.7749295,-122.4194155
449,34.0440765,-118.2406162
29526,32.7963222,-116.9675814
20028,38.6871365,-121.1073082
20418,34.0692769,-118.2936501
27719,33.774517,-118.261751
27718,45.0045081,-123.0104608
22612,34.1919487,-118.4487015
26727,33.577675,-117.755435
27220,34.0197335,-117.9586754
22151,32.7554927,-117.126867
22710,32.8328112,-117.2712717
28986,32.2217429,-110.926479
29418,33.9925454,-118.4231952
4882,39.7800856,-104.9407029
950,33.6680772,-117.3272615
22483,36.588269,-121.8491091
30727,33.182378,-117.219721
17541,33.125339,-117.0842878
28296,36.0498113,-115.1720997
27390,34.1662848,-118.5447787
29172,33.8352932,-117.9145036
21055,47.1545544,-122.434539
27291,38.1040864,-122.2566367
22270,42.331427,-83.0457538
5190,39.6818191,-104.9876707
26798,33.8887217,-118.2036785
18961,39.5217435,-107.3208883
29051,34.0502766,-117.3498955
22705,47.7343394,-122.3458383
17499,47.5200956,-122.2611062
18087,33.8640647,-118.1766294
14534,38.6871365,-121.1073082
22378,34.0660995,-118.2065415
12405,38.649918,-120.950955
23293,34.040151,-118.237474
22720,34.0522342,-118.2436849
20181,34.2599179,-118.3102225
28742,33.6899213,-117.7729223
19854,33.7824286,-118.1672812
24865,36.1988592,-115.1175013
29053,38.110525,-122.262998
28413,47.7465702,-122.3459965
23868,38.5753909,-121.4648998
14627,34.0451285,-118.4666592
26578,33.9748581,-118.2888259
23462,47.6142107,-122.3213286
17433,37.3586916,-121.8425242
14645,38.6871365,-121.1073082
29633,33.709136,-117.988907
8471,34.1850683,-118.3607416
22815,33.7739053,-117.9414477
22858,33.5536719,-117.2144902
14673,33.6899213,-117.7729223
22737,47.0456281,-122.8641027
6253,34.1477849,-118.1445155
14783,33.6680772,-117.3272615
22748,36.778261,-119.4179324
22823,36.0388148,-115.1722337
14180,33.9424658,-117.2296717
16547,34.0259216,-118.7797571
25752,35.2827524,-120.6596156
21594,34.0194543,-118.4911912
27688,-23.6605742,-51.3260472
22838,37.7819,-122.4077528
28838,34.0259216,-118.7797571
22841,33.7700504,-118.1937395
22959,34.0973471,-118.2755855
29058,33.4898258,-112.2264794
12159,33.881335,-118.290662
13058,36.588269,-121.8491091
23050,34.125513,-117.29162
14827,37.4216667,-118.5441667
15818,33.6577256,-117.2205771
28314,33.5649666,-117.7286041
23052,33.6577256,-117.2205771
29591,34.185234,-118.448915
881,34.1717833,-118.4034474
20836,33.8352932,-117.9145036
28963,37.964157,-121.4056517
23073,33.8352932,-117.9145036
12924,36.3136201,-121.3541631
29378,33.5536719,-117.2144902
29575,39.6532783,-104.9881998
16545,45.6387281,-122.6614861
29137,32.715738,-117.1610838
26723,34.2195621,-118.4325505
28958,34.1942347,-118.3869985
14954,33.6974732,-117.8887109
14885,33.5536719,-117.2144902
14914,47.6611024,-117.4040544
27092,34.0324632,-118.395863
17774,34.0272015,-118.2538498
30725,34.187109,-118.448915
29377,33.6680772,-117.3272615
12636,33.9597867,-118.39425
22989,32.8084809,-117.2582333
23079,33.6577256,-117.2205771
23125,34.0457606,-118.2043893
23114,39.7732181,-104.8491907
29748,34.015673,-118.158875
23134,33.6899213,-117.7729223
30423,39.736296,-104.994206
21807,39.7114065,-105.0521963
26462,35.2827524,-120.6596156
23201,34.7513712,-118.2522977
27403,47.6142107,-122.3213286
4702,40.31144,-105.076472
24746,35.1881748,-111.6628447
25425,47.24972,-122.2500663
21078,39.0968493,-120.0323507
14430,33.5536719,-117.2144902
5604,35.362314,-119.021589
23231,33.660297,-117.9992265
17021,33.9390423,-117.2284467
26873,33.8337639,-117.9586857
28515,38.660752,-120.9406451
20441,34.4208305,-119.6981901
25267,33.6405049,-112.3495716
30256,34.037993,-118.376478
29170,33.9028761,-118.2856391
23338,38.083403,-122.7633036
12109,38.6596623,-120.9356943
14984,33.125339,-117.0842878
23362,37.872556,-122.2697892
22050,38.5355017,-121.4075793
8569,35.3526733,-119.0557738
3480,39.736952,-104.9719528
29339,33.1607056,-117.3507735
15105,34.055103,-117.7499909
24995,33.82379,-116.3807485
18844,47.594987,-122.310442
19995,47.5523591,-122.3298444
30164,39.674386,-104.903534
30612,33.193123,-117.232518
1182,40.8671486,-124.0894441
28906,33.9832974,-118.2250141
25015,37.7749295,-122.4194155
15132,33.6899213,-117.7729223
15278,37.8534093,-121.9017954
19267,34.0412085,-118.442596
23487,33.6680772,-117.3272615
18968,34.0767816,-118.4690129
5134,35.3542232,-119.022836
25011,34.7513712,-118.2522977
17346,32.8024577,-117.2355851
24113,33.6899213,-117.7729223
24306,47.2199062,-122.4936037
20280,37.8534093,-121.9017954
23311,34.009603,-118.2783219
10666,33.5536719,-117.2144902
21219,38.5815719,-121.4943996
30033,34.034867,-118.291508
11247,33.7739053,-117.9414477
18014,33.1607056,-117.3507735
28474,32.715738,-117.1610838
20394,42.2808256,-83.7430378
23510,34.107183,-117.6916266
5995,39.2827864,-106.0616141
15383,45.6387281,-122.6614861
24004,36.255123,-115.2383485
23553,37.3032788,-121.8431857
23212,33.825257,-116.402477
22102,33.4483771,-112.0740373
29521,33.9845417,-117.5159449
8297,38.819343,-104.81586
22733,45.6387281,-122.6614861
14656,47.710006,-122.3001551
17855,42.2447982,-83.6988563
30195,33.803037,-117.93987
23595,36.1988592,-115.1175013
15391,34.0799692,-118.2689551
15538,33.7789972,-118.2621392
23253,35.4447946,-119.0876552
17320,34.0363914,-118.2553376
27550,36.255123,-115.2383485
22419,38.5779555,-122.9888319
30529,34.101709,-118.298692
20079,34.4796116,-117.3766234
27078,36.255123,-115.2383485
28649,34.0158506,-117.3448037
21684,33.8100096,-118.3083704
27763,47.8993024,-122.0371585
6228,40.2247075,-105.271378
14445,33.7700504,-118.1937395
23591,47.6618074,-122.3181505
23536,33.5536719,-117.2144902
23686,38.5815719,-121.4943996
13331,33.7700504,-118.1937395
15566,33.6680772,-117.3272615
24243,34.0190648,-118.1937987
23767,33.125339,-117.0842878
29557,34.029319,-118.229179
21826,34.1881283,-118.4487289
20058,47.5113788,-122.6525517
12734,34.210417,-118.363309
23808,36.255123,-115.2383485
1987,33.577675,-117.755435
11827,47.5167065,-122.3555316
19154,34.1000581,-118.3221642
28292,40.5892334,-122.3551378
11283,34.1658804,-118.3637264
14563,34.2010742,-118.500599
23892,34.2529107,-118.2955694
28795,37.872556,-122.2697892
29390,32.715738,-117.1610838
21790,37.8534093,-121.9017954
15596,47.583127,-122.333694
23440,32.8024577,-117.2355851
15677,37.964157,-121.4056517
15707,33.8798386,-118.3812562
29020,34.1403495,-118.3862865
824,34.1823555,-118.3707065
24367,34.0900091,-118.3617443
18360,34.1000991,-118.3240278
22113,47.673656,-117.4367581
15714,37.4216667,-118.5441667
15768,33.8798386,-118.3812562
15863,34.09751,-117.6483876
22156,38.233525,-120.367051
6313,38.8787606,-104.8191144
26977,37.350403,-121.859768
19620,33.9168686,-117.4742813
17597,34.0509202,-117.4987712
20909,33.9845417,-117.5159449
28363,37.4216667,-118.5441667
29041,33.577675,-117.755435
10569,33.796655,-118.29114
20363,45.6387281,-122.6614861
24585,32.715738,-117.1610838
13996,33.640855,-117.603104
19705,34.004173,-117.4881182
23183,33.9817317,-118.2784291
21371,33.8352932,-117.9145036
25926,47.38894,-122.6714785
23814,36.778261,-119.4179324
27165,33.8869095,-118.1342797
15764,34.8600849,-117.0915938
22196,39.7087145,-104.9872851
29268,38.5815719,-121.4943996
23286,33.5536719,-117.2144902
12678,33.9424658,-117.2296717
19552,47.524949,-122.708289
16849,34.1623434,-118.3730569
27551,34.4208305,-119.6981901
15867,32.7947731,-116.9625269
15881,38.5779555,-122.9888319
29814,32.715707,-117.162557
20964,36.7468422,-119.7725868
22647,37.7819534,-122.4083206
27915,32.2917599,-110.979216
6463,32.715738,-117.1610838
29300,33.7739053,-117.9414477
23083,33.9962144,-118.4688776
30010,39.782386,-104.859445
30268,33.958029,-118.103974
21111,34.0724169,-118.1741774
15378,34.0502766,-117.3498955
17955,34.0555809,-118.38399
23809,36.255123,-115.2383485
23894,47.6611024,-117.4040544
16012,34.203224,-118.466642
29520,33.7700504,-118.1937395
5747,38.8762066,-104.8309872
24661,38.5692191,-121.4714701
17215,39.7340952,-104.9713695
22197,40.3938309,-104.6917976
29561,34.033284,-118.262368
30618,33.755701,-117.869789
15962,33.1607056,-117.3507735
28311,47.7154446,-117.3962767
7153,38.8256383,-104.8210387
4461,40.0141313,-105.2272456
22167,47.1928117,-122.4340367
28784,37.872556,-122.2697892
27967,34.1220545,-118.2935891
30458,34.225363,-118.467616
15662,42.331427,-83.0457538
16558,37.8534093,-121.9017954
24086,34.274646,-119.2290316
27413,33.9472359,-118.0853451
23945,33.3927524,-112.1338748
22133,45.5049523,-122.6261818
25786,37.8134679,-122.307917
22695,36.7606931,-121.7657346
24800,46.1381676,-122.9381672
29067,33.577675,-117.755435
10943,47.6142107,-122.3213286
3510,34.0811209,-118.3767088
7914,37.3225302,-121.9752076
22730,34.0998734,-118.3305047
16154,34.0258749,-118.319894
16196,38.5815719,-121.4943996
16263,38.5815719,-121.4943996
27231,38.5815719,-121.4943996
16286,33.82379,-116.3807485
19847,33.986224,-118.278641
16277,38.5613719,-121.4739249
9974,33.8170155,-116.5025227
24112,38.1040864,-122.2566367
30130,34.07451,-118.221306
16331,33.876347,-118.082798
1862,39.7404591,-104.8931484
29668,32.830898,-117.149473
27852,36.7468422,-119.7725868
28713,34.100389,-118.234948
29503,33.7003512,-116.1820969
30657,32.748489,-117.150797
24150,33.5536719,-117.2144902
12390,33.8302961,-116.5452921
23811,33.125339,-117.0842878
25949,38.16899,-120.8380944
27927,34.012368,-117.499707
23278,33.8819086,-117.5143766
29044,35.2827524,-120.6596156
20146,37.2989061,-121.8704496
10488,33.7739053,-117.9414477
29431,34.274646,-119.2290316
17544,34.055632,-118.288858
19241,47.6479666,-122.3398724
29034,39.7442126,-105.0256154
28775,46.7883319,-123.011938
28739,47.7335864,-117.3650841
11052,38.8419888,-106.1319318
24219,33.7907533,-118.2691341
23865,32.612165,-117.09155
11732,39.696378,-105.070848
16480,47.0429991,-122.9021151
28207,37.9577016,-121.2907796
25374,32.3382361,-111.0797265
15071,38.1100558,-122.2579401
20222,34.0095689,-117.4319658
26316,32.8024577,-117.2355851
16490,33.987037,-118.444109
16513,33.7739053,-117.9414477
23723,38.8966512,-104.8517099
16524,32.2217429,-110.926479
20512,32.612165,-117.09155
16685,45.5049922,-122.6309524
30231,34.099598,-117.313393
15524,33.1607056,-117.3507735
16526,36.778261,-119.4179324
16586,32.715738,-117.1610838
4725,33.5536719,-117.2144902
24224,33.874554,-118.3694688
24276,33.6577256,-117.2205771
24301,47.6062095,-122.3320708
17533,47.0280569,-122.9484859
9137,33.1607056,-117.3507735
15772,33.660297,-117.9992265
18802,34.055103,-117.7499909
24239,33.9003144,-118.2086793
29210,33.6899213,-117.7729223
6492,38.1389215,-122.254188
24424,37.7717311,-122.4165409
993,34.0848511,-118.3437261
24439,33.9424658,-117.2296717
14085,38.6871365,-121.1073082
29432,34.274646,-119.2290316
26911,33.7415074,-118.2922326
4764,39.5077107,-106.0522927
16950,38.5815719,-121.4943996
24455,48.016923,-117.351358
6037,39.7466798,-104.9944156
17081,33.954239,-118.309351
17116,47.6062095,-122.3320708
17150,33.62631,-117.7148187
24067,47.0383905,-122.8029214
22922,33.82379,-116.3807485
16801,45.5234515,-122.6762071
29485,39.6732011,-104.9872549
19502,33.9752713,-117.5201064
12804,33.8154929,-116.494823
3764,39.6732011,-104.9872549
4655,37.309748,-121.856978
11172,33.8352932,-117.9145036
23700,39.9621346,-105.5106196
13401,37.278994,-121.850523
17164,34.0412085,-118.442596
16840,34.022518,-118.216582
17267,36.3136201,-121.3541631
22863,32.715738,-117.1610838
5269,38.8657585,-104.7569902
17246,32.726873,-117.164195
10731,47.2554259,-122.4717918
27959,32.6352897,-117.0914217
19959,36.255123,-115.2383485
5195,39.6131609,-105.000256
11366,47.548204,-122.31759
24493,33.577675,-117.755435
24513,33.8798386,-118.3812562
17283,33.8798386,-118.3812562
29583,47.129144,-122.434736
24539,36.778261,-119.4179324
26031,36.588269,-121.8491091
10953,47.6062095,-122.3320708
24588,34.0522342,-118.2436849
28837,33.1607056,-117.3507735
24620,37.3068614,-121.8647001
10196,-23.6605742,-51.3260472
18099,47.0430596,-122.8615111
26300,32.9840376,-112.0969606
29892,34.12107,-117.268298
18776,45.4936436,-122.6223156
30622,45.497477,-122.607948
10342,33.7825194,-117.2286478
22365,35.2827524,-120.6596156
15815,38.8317138,-104.8398567
28853,38.8368264,-104.78968
13599,47.6441376,-122.3762259
24633,39.0968493,-120.0323507
28294,34.4796116,-117.3766234
11595,33.7455731,-117.8678338
19234,37.872556,-122.2697892
21753,34.0522342,-118.2436849
14917,34.09751,-117.6483876
18981,38.083403,-122.7633036
23492,34.2086789,-118.520634
26903,34.2013513,-118.6033716
18700,35.2827524,-120.6596156
22887,34.0197335,-117.9586754
23149,36.9741171,-122.0307963
4300,39.721244,-104.950684
7908,40.0583999,-105.2786961
27774,33.876347,-118.082798
24675,47.6543294,-122.3470343
23439,47.6380432,-122.3878896
18538,35.2827524,-120.6596156
16903,47.1815822,-122.4341064
14521,34.016451,-117.339469
16008,39.5318944,-107.7840292
30168,39.740087,-104.919163
14829,33.7455731,-117.8678338
18736,34.0336103,-118.4419844
24736,36.588269,-121.8491091
17913,47.037299,-122.8057327
30149,47.701384,-117.364847
24756,33.7739053,-117.9414477
24763,34.0197335,-117.9586754
24090,33.9500098,-118.3005627
762,37.8635647,-122.2588752
26634,33.8798386,-118.3812562
20473,35.39008,-119.012102
27885,33.4669721,-117.6981075
28675,48.84657,-122.486635
20878,34.0433967,-118.3083786
17383,33.9918314,-117.0309724
28544,33.62631,-117.7148187
17398,34.0197335,-117.9586754
16998,33.1460131,-117.2410627
14849,34.2017484,-118.4482628
21825,47.2347058,-122.5034552
24905,33.6899213,-117.7729223
26225,33.7513419,-117.9939921
29003,39.7733289,-104.993955
23074,33.990825,-118.256096
18288,36.9878932,-121.9674875
14425,34.1730743,-118.5576222
24885,33.7360619,-118.2922461
22434,33.9618761,-118.4207448
9441,33.62631,-117.7148187
27574,34.1101738,-118.1910462
4593,35.373995,-119.003507
25838,34.1489719,-118.451357
22713,34.274646,-119.2290316
24774,33.660297,-117.9992265
17756,47.568518,-122.290024
26364,34.0429851,-118.282588
26325,31.896647,-111.003035
16961,47.7562669,-122.313822
24915,33.577675,-117.755435
22793,45.5922812,-122.756702
23634,34.314788,-118.440442
15136,34.0194543,-118.4911912
19774,39.7846556,-105.0671044
12225,38.973462,-123.115896
15779,33.1607056,-117.3507735
29085,47.208901,-122.484149
22128,32.7982661,-117.2489938
15558,33.660297,-117.9992265
24924,47.250923,-122.453796
28881,47.14603,-122.294188
25856,47.045742,-122.873297
29540,38.5252164,-121.4762934
21649,32.1125689,-110.8587221
30327,33.842874,-117.833473
22886,47.6062095,-122.3320708
19882,47.3758397,-122.2981105
29869,39.740012,-104.927759
21832,34.0300716,-118.3897269
12638,33.5649666,-117.7286041
29278,32.7501968,-117.2062166
19069,39.6952843,-105.0001052
24944,34.0928092,-118.3286614
28321,44.045419,-122.971249
24476,34.7328395,-112.4542361
30730,34.22114,-118.605805
14547,33.4669721,-117.6981075
19081,45.5234515,-122.6762071
24971,33.7700504,-118.1937395
21104,34.1083449,-117.2897652
30363,33.783166,-118.262722
9014,39.7399799,-105.1321404
5292,32.715738,-117.1610838
22030,34.0900091,-118.3617443
29923,34.301629,-118.442087
13950,33.577675,-117.755435
10874,33.1956014,-117.2380687
13016,47.731434,-122.344681
24979,39.7135254,-105.6954657
18302,34.166408,-118.592946
20292,33.8798386,-118.3812562
26324,47.2166501,-122.483599
16117,47.717932,-122.313048
11125,34.1738195,-118.4658868
25029,34.3916641,-118.542586
25072,34.1395061,-118.3792373
14793,33.4669721,-117.6981075
17244,33.9888249,-118.2858544
25134,33.5536719,-117.2144902
15118,39.725821,-104.977886
23895,33.739195,-117.920491
26322,32.8084809,-117.2582333
15400,34.1696094,-118.3614387
26290,39.7406303,-105.0754131
27583,45.6387281,-122.6614861
26199,34.0621549,-118.2730481
8225,34.1418329,-118.3879959
7267,38.8277122,-104.8407686
25146,34.0989252,-117.2949947
11045,47.1545846,-122.346325
10437,32.81016,-117.11843
25166,33.5536719,-117.2144902
17084,37.4216667,-118.5441667
18964,37.356262,-121.818328
21097,34.0482976,-118.3435766
30428,38.852256,-104.870551
25073,47.7332553,-122.3131161
24426,36.7468422,-119.7725868
11820,39.7111557,-105.0586772
19631,47.8475121,-122.1189001
28247,33.577675,-117.755435
19778,34.0197335,-117.9586754
25335,33.5649666,-117.7286041
11967,38.837063,-104.7873941
16379,33.1607056,-117.3507735
25245,34.0928092,-118.3286614
20395,34.0585921,-118.2405966
30399,38.329053,-104.71806
22179,34.3016001,-118.4628824
7855,39.752412,-104.984956
25693,34.0249455,-118.2392087
23447,33.8302961,-116.5452921
25266,34.1141743,-116.432235
25309,33.82379,-116.3807485
25324,34.1083449,-117.2897652
5890,38.8763588,-104.8389784
25327,32.643366,-117.080342
18298,33.6577256,-117.2205771
24187,33.8352932,-117.9145036
29878,34.12133,-117.247886
23554,33.7479089,-117.1787104
21013,42.331427,-83.0457538
28916,37.397286,-121.896303
21661,45.5295528,-122.6463158
14628,47.49927,-122.221052
27113,32.715738,-117.1610838
16439,37.8043637,-122.2711137
13380,34.09751,-117.6483876
25237,33.993462,-117.400672
19050,38.592327,-121.487102
25420,47.6714968,-117.4086094
25409,33.577675,-117.755435
28476,47.6562793,-117.3143663
24213,34.0698602,-117.1216261
26027,36.255123,-115.2383485
25432,33.5550527,-112.3247599
23731,47.0373919,-122.834102
8579,34.2016007,-118.4671197
8973,33.82379,-116.3807485
25442,33.6899213,-117.7729223
27127,33.82379,-116.3807485
29580,35.3316665,-119.0440451
12961,34.0243044,-118.3964813
24408,32.1670832,-110.9408497
24795,36.778261,-119.4179324
25520,33.8352932,-117.9145036
25527,34.4796116,-117.3766234
21636,33.660297,-117.9992265
30723,40.585262,-122.356195
6644,37.386324,-121.908899
29644,39.680387,-104.987637
29470,34.2034257,-118.4490275
7860,-23.6605742,-51.3260472
25605,33.4737079,-112.1160373
25630,33.7162859,-117.9180111
5527,40.0141313,-105.2272456
13143,34.7513712,-118.2522977
25650,33.8798386,-118.3812562
25682,34.0889614,-118.3762542
25749,33.8302961,-116.5452921
25727,33.5962594,-111.7149277
783,34.1642138,-118.6288441
14173,34.2011765,-118.4188324
27035,33.7700504,-118.1937395
25320,33.7603609,-117.8718295
25823,37.7154273,-122.4422303
25799,33.5536719,-117.2144902
25855,33.5536719,-117.2144902
17135,37.3221137,-121.9316383
18878,33.7042526,-117.8527581
23615,33.660297,-117.9992265
11188,47.618435,-122.358752
25297,47.6089093,-122.6294061
28980,44.0679856,-121.3055258
8362,37.2885083,-121.8463474
25896,45.6387281,-122.6614861
17801,33.9918314,-117.0309724
4651,39.4798373,-106.0455435
25942,-23.6605742,-51.3260472
23839,33.9472359,-118.0853451
13726,37.8540451,-122.2660383
26029,38.1058023,-122.2279211
26035,33.9319578,-117.9461734
959,34.0502309,-118.362128
26084,34.8600849,-117.0915938
26118,45.6387281,-122.6614861
26036,33.8276052,-117.9073244
10526,34.0835471,-118.3496053
26260,33.9918314,-117.0309724
26279,33.9168686,-117.4742813
26208,33.9571683,-118.2826748
26132,32.3196439,-111.04793
26235,35.0823037,-114.5968341
26379,36.255123,-115.2383485
26446,33.876347,-118.082798
26451,47.4889307,-122.1664528
26411,34.2008648,-118.5330853
26468,33.7714757,-117.8526894
13127,39.7284944,-121.8374777
14418,35.2827524,-120.6596156
26485,34.0373752,-118.2593298
26497,32.715738,-117.1610838
16183,38.5815719,-121.4943996
27277,38.5779555,-122.9888319
25980,35.2827524,-120.6596156
20468,38.1029635,-122.2378509
25640,47.0446397,-122.8636351
30134,39.721143,-104.950999
18500,47.8920792,-122.2681506
21476,37.872556,-122.2697892
22166,47.5199713,-122.26134
15787,32.715738,-117.1610838
12844,45.5293218,-122.6367821
4522,39.7399534,-104.9271714
17208,34.0478687,-118.3526399
708,35.341234,-119.036609
26709,36.255123,-115.2383485
24659,34.2479132,-118.2871584
6265,37.401809,-121.887303
25610,33.8302961,-116.5452921
26745,33.660297,-117.9992265
10774,33.9995163,-118.3001993
28356,34.8600849,-117.0915938
19884,39.7832493,-104.9947467
27453,32.7132178,-117.1563276
28788,42.672161,-84.546166
25547,32.612165,-117.09155
6517,33.9067099,-116.549333
24103,47.1042487,-122.4348783
12584,33.6899213,-117.7729223
28425,33.6680772,-117.3272615
4961,39.7403961,-104.9331659
25819,37.3326918,-121.9012619
28621,39.7794719,-104.846439
27977,33.6577256,-117.2205771
30474,32.753326,-117.203586
25165,32.7478086,-117.1081777
1381,39.7168451,-104.9877644
8317,36.9848248,-121.9649332
26559,46.1826409,-122.905218
12688,36.9630399,-121.9658354
28498,47.876109,-122.2707915
11183,47.6523037,-122.3556942
15467,34.0782824,-118.2604543
24536,33.9737432,-118.2206472
24943,32.770493,-117.202803
28399,36.255123,-115.2383485
11527,34.2007129,-118.4494123
639,37.7823496,-122.4035706
25538,33.9533487,-117.3961564
4747,39.6881908,-104.9872636
28766,33.7200599,-117.868202
22354,32.715738,-117.1610838
25200,33.9424658,-117.2296717
25260,48.8590861,-122.5851729
7971,40.072296,-105.197756
5667,40.0218258,-105.2620284
28814,-23.6605742,-51.3260472
27686,38.188751,-120.675326
28254,47.8489507,-122.2486402
23866,34.0398343,-118.3041773
27070,34.1362483,-117.260844
18647,47.5140212,-122.3533089
19769,33.5536719,-117.2144902
29524,34.4796116,-117.3766234
17677,34.1860008,-118.3702959
28560,48.836264,-122.487662
5295,33.660297,-117.9992265
20096,34.0467646,-118.4646671
20962,-23.6605742,-51.3260472
26996,47.553552,-122.280526
1603,39.6178784,-105.0164443
23343,47.0378741,-122.9006951
28268,32.7947731,-116.9625269
18864,34.2090549,-118.5098459
10689,34.0197335,-117.9586754
16441,34.0509202,-117.4987712
4159,33.7739053,-117.9414477
10688,34.0522342,-118.2436849
12754,33.9533487,-117.3961564
11260,47.1620384,-122.4342041
23177,33.6680772,-117.3272615
25568,33.7905286,-118.2755874
28246,38.6871365,-121.1073082
11311,34.083184,-118.309914
22843,33.125339,-117.0842878
10893,33.987535,-118.470471
26116,34.274646,-119.2290316
17148,36.778261,-119.4179324
27381,34.3916641,-118.542586
29138,47.1151078,-122.4347766
17008,34.0757497,-118.2870898
22038,47.8659109,-122.2811238
25096,36.255123,-115.2383485
5523,39.65353,-104.90367
8501,37.872556,-122.2697892
17918,32.715738,-117.1610838
19955,47.1118663,-122.2918105
13945,34.0928092,-118.3286614
20282,37.8534093,-121.9017954
26887,34.1794242,-118.4059442
24331,35.197754,-111.634971
24143,33.7903873,-118.274294
26024,40.3122717,-105.0758129
23396,32.7485754,-117.0853738
24233,33.7700504,-118.1937395
23299,37.2650207,-121.9424568
9642,34.0194543,-118.4911912
30455,34.125232,-118.231948
8967,37.9577016,-121.2907796
17000,33.8798386,-118.3812562
466,34.1015799,-118.3041108
573,34.306901,-118.4697198
18931,34.0325837,-118.307334
22715,47.133891,-122.292488
6279,38.798595,-104.800368
28842,34.09751,-117.6483876
23620,34.0175647,-118.2196269
28955,34.8600849,-117.0915938
25806,33.7456381,-117.8905123
13286,33.6680772,-117.3272615
8230,38.8359225,-104.7567534
29572,38.6871365,-121.1073082
27187,34.8781109,-116.9681091
4611,37.3955193,-121.8972695
25584,34.4939217,-114.350721
28116,-23.6605742,-51.3260472
11229,47.700398,-122.302844
11022,37.3084625,-121.8757647
30006,34.079365,-118.381311
16097,42.979067,-83.667165
29628,34.201486,-118.592651
8483,35.2827524,-120.6596156
27435,34.201223,-118.5998259
18970,39.706921,-105.000231
10398,33.1607056,-117.3507735
24624,34.0522342,-118.2436849
4711,39.7528626,-105.0610876
17561,34.2080962,-118.3882612
27651,33.8317435,-118.3069949
4500,33.6899213,-117.7729223
26960,33.6899213,-117.7729223
27687,33.9918314,-117.0309724
18480,47.388743,-122.627646
25787,34.0502766,-117.3498955
25930,33.7360619,-118.2922461
18951,37.2622294,-121.9174143
26140,34.162006,-118.5149855
14167,35.2827524,-120.6596156
30496,33.745266,-117.89849
13852,48.7583772,-122.4644662
26943,34.0342843,-118.2647527
16847,34.1853541,-118.4654728
21382,33.5536719,-117.2144902
15016,33.9168686,-117.4742813
12994,34.7513712,-118.2522977
29304,34.4796116,-117.3766234
29919,42.733628,-84.519982
476,34.2130335,-118.4993281
30429,46.001439,-112.527075
15128,33.5649666,-117.7286041
7217,47.4317307,-122.2494843
12076,47.6929521,-117.4258248
26095,38.5815719,-121.4943996
19853,34.4796116,-117.3766234
29669,36.985689,-121.982649
11985,34.0833983,-118.3509695
9015,36.965865,-121.9653857
25564,47.509516,-122.354218
17158,37.7470855,-122.4187899
11470,34.2082171,-118.4838859
9995,47.1879107,-122.4853071
16590,33.7871157,-118.3080755
22952,33.6469661,-117.689218
812,39.403667,-123.808509
24896,34.4796116,-117.3766234
6730,37.366373,-121.8895013
27419,34.0412085,-118.442596
7472,37.323973,-121.920618
29519,34.0238369,-118.2774034
2694,39.6287047,-106.0709335
27517,33.9599528,-118.3786722
19112,40.029737,-105.262895
28137,37.7749295,-122.4194155
30571,46.683723,-120.479271
20523,32.7599755,-117.1297522
28375,33.2013734,-117.2529145
14413,36.255123,-115.2383485
21169,34.1721053,-118.4392068
28332,34.1036996,-117.6610854
8201,39.6966923,-104.9614592
19065,38.1256091,-122.2558996
27052,35.3750787,-119.0045736
27898,34.100135,-118.290731
19889,34.1313893,-118.3444968
27079,33.9415889,-118.40853
27518,34.1638419,-118.3700182
13350,33.759504,-117.906008
28911,34.0597974,-118.2154818
20652,34.035377,-118.3669771
26023,34.4796116,-117.3766234
1794,37.7749295,-122.4194155
28602,35.2827524,-120.6596156
22883,34.2129287,-118.5007814
27062,42.414592,-83.282741
8488,39.1259872,-104.9085851
17951,34.0474052,-118.2855402
28589,38.525225,-121.3735278
24828,33.9845417,-117.5159449
28085,38.1542602,-122.2543071
25406,36.3136201,-121.3541631
18860,34.5063829,-117.896108
14586,35.3732921,-119.0187125
25897,34.1494848,-118.5506158
28151,34.8781109,-116.9681091
20722,46.9908744,-122.8553232
16243,47.8961169,-122.249356
21073,34.0289001,-118.3926116
28744,36.255123,-115.2383485
29525,33.7475203,-116.9719684
8552,34.0874262,-118.3091771
9702,37.7878378,-122.3965363
25766,40.5988059,-105.0758433
8090,38.855992,-104.878287
10420,34.2598615,-118.3037414
7506,38.5815719,-121.4943996
20591,38.6871365,-121.1073082
9158,39.742813,-104.979602
6262,33.6469661,-117.689218
23521,35.2827524,-120.6596156
11519,34.865226,-118.154117
12597,47.517628,-122.3763571
26880,33.8320463,-117.9476366
25305,34.0900091,-118.3617443
16660,34.3186618,-118.4640955
30364,39.772774,-104.968472
27473,32.8131975,-117.2690703
29215,39.5077107,-106.0522927
16184,33.7739053,-117.9414477
18556,33.9961897,-117.4048796
25632,33.7456381,-117.8905123
7370,40.080781,-105.2809562
1887,34.0537589,-118.3799329
2283,34.0290394,-118.4031629
19671,36.778261,-119.4179324
25066,33.7700504,-118.1937395
18525,38.8546384,-104.752472
25317,33.9962144,-118.4688776
15609,37.872556,-122.2697892
9754,34.2216581,-118.4338468
7279,37.3735857,-121.9096659
11792,34.0952518,-118.2920966
27920,33.9168139,-117.2342905
24936,34.0568751,-118.3836793
14536,36.778261,-119.4179324
29821,33.781314,-117.242974
26440,36.1988592,-115.1175013
5884,38.8347157,-104.8230036
22176,37.872556,-122.2697892
22674,34.090473,-118.323106
20893,34.1477849,-118.1445155
27000,37.872556,-122.2697892
27240,37.872556,-122.2697892
25369,34.0836008,-118.3523339
13927,33.7645595,-117.8809574
23245,33.757728,-117.8673524
4964,37.343694,-121.8782645
4864,33.7667383,-117.2272669
18835,34.0480509,-118.3479091
784,34.179103,-118.44618
10623,34.1141743,-116.432235
8725,40.0005378,-105.2077798
14812,33.8352932,-117.9145036
20840,47.651266,-117.359983
17056,33.9168686,-117.4742813
26813,33.777636,-118.2621537
18840,34.0255439,-118.240412
29562,33.95913,-118.380853
21045,34.0096087,-118.2783436
6314,34.0631432,-118.3630578
811,34.1724116,-118.4647981
28299,34.8484603,-114.6138127
13737,47.4923284,-122.2404265
14648,47.064818,-122.2955325
13905,39.772188,-104.921873
28454,47.859878,-122.2859254
6916,38.8133743,-104.8250948
27876,39.6789592,-105.0129003
10325,37.7579643,-122.4187944
858,34.0909552,-118.346741
3718,39.685269,-104.9421438
25863,33.62631,-117.7148187
12354,39.7619415,-105.0336939
28417,36.255123,-115.2383485
4664,40.5061104,-105.0731874
22721,34.0026974,-118.436398
6392,40.0311409,-105.2584485
21026,47.5800092,-122.4075744
17681,40.2180746,-105.2591796
27837,36.1988592,-115.1175013
23670,38.8744381,-104.8095053
21778,37.333947,-121.853167
22865,33.9603574,-118.3013715
24882,33.8302961,-116.5452921
30446,33.990674,-118.445438
28243,32.7113144,-117.1035689
10263,39.6495244,-105.0807009
14105,37.9577016,-121.2907796
25306,34.039659,-118.282884
16450,34.0408137,-118.3523085
17823,33.4483771,-112.0740373
28158,34.0509202,-117.4987712
29344,33.7603522,-117.8670136
27831,47.2570426,-122.4554403
22557,39.678972,-104.9145974
11381,47.5535967,-122.3356464
25809,34.2381251,-118.530123
16400,39.7763587,-105.0560637
25519,39.7086779,-104.9300129
29629,37.306942,-121.878765
26614,-23.6605742,-51.3260472
4093,40.0366562,-105.2570395
5264,40.0322873,-105.2597471
6154,37.3274165,-121.9000557
10144,34.2133009,-118.4499578
30454,32.736689,-117.010602
4698,39.6137036,-105.0166764
24040,39.780512,-104.862413
22045,37.9577016,-121.2907796
25377,34.4208305,-119.6981901
27255,33.6777359,-112.0291775
24038,39.780512,-104.862413
26583,34.2569155,-118.470863
12036,47.2345756,-122.4446253
28605,33.212972,-117.229313
27370,38.8358193,-104.7846825
24008,47.1198901,-122.2923671
2864,39.7303262,-104.987454
7926,38.847991,-104.870091
27608,47.295508,-122.273902
23667,39.7671523,-105.6160621
23180,47.6910843,-122.3066202
18399,47.445926,-122.154512
27940,47.718895,-122.3442872
29496,34.1939502,-118.4307946
23790,37.3091433,-121.8480965
20845,34.0390107,-118.2672801
27251,33.6577256,-117.2205771
19073,37.7151237,-122.4423548
17960,33.7184179,-117.8850497
24649,33.774952,-118.261653
19616,47.2871297,-121.9922648
17892,36.7468422,-119.7725868
25587,34.957228,-114.596683
13475,34.1789379,-118.4338345
26138,33.8640647,-118.1766294
601,34.0008123,-118.4660974
27902,47.2499628,-122.4895329
685,34.1659145,-118.624429
7531,38.851711,-104.7572464
30722,37.36109,-121.899117
18055,34.026106,-118.198074
27578,33.974239,-118.265511
8365,33.5536719,-117.2144902
27680,33.82379,-116.3807485
22188,36.255123,-115.2383485
15092,34.0471964,-118.4493207
28612,34.0194543,-118.4911912
29349,37.9577016,-121.2907796
12009,33.7739053,-117.9414477
27942,40.492837,-105.076942
24044,34.0522342,-118.2436849
22020,48.7638816,-122.4858219
25723,34.4208305,-119.6981901
29191,34.1724729,-118.382416
25261,33.4256832,-111.8991874
26814,47.0898338,-122.4343617
19182,36.9741171,-122.0307963
9670,38.8195829,-104.8245289
7917,33.8351376,-118.1844623
10462,34.1547651,-118.4702956
28545,34.0194543,-118.4911912
5993,39.6971722,-104.9337231
17096,38.8670426,-106.9838057
29244,34.1477849,-118.1445155
6372,40.3943728,-104.6859358
25902,33.125339,-117.0842878
28234,46.7839346,-123.011649
28745,45.6387281,-122.6614861
8135,39.2497285,-106.2916969
27195,34.1727432,-118.5634524
13499,33.1870682,-117.2255381
27273,34.1715335,-118.54378
26146,-23.6605742,-51.3260472
23718,38.8389512,-104.7013867
25383,38.832993,-104.834484
6266,34.040413,-118.265977
26298,32.2281,-110.96811
2475,39.64255,-106.59669
15785,36.778261,-119.4179324
27984,33.7408343,-118.2923734
22728,47.7316814,-122.3446397
12565,47.2325456,-122.4731979
23583,33.7700504,-118.1937395
28414,47.1474103,-122.3239889
5440,37.3859696,-121.905809
13918,34.1816396,-118.4554187
23003,36.988347,-121.952917
25316,45.5234515,-122.6762071
19666,37.8715926,-122.272747
27278,36.7468422,-119.7725868
22195,34.0441584,-118.3764075
26637,34.1036996,-117.6610854
28195,32.2217429,-110.926479
17297,34.8600849,-117.0915938
17020,33.766628,-116.306326
26529,34.1085431,-118.1954813
29731,45.525916,-122.60227
26568,34.0197335,-117.9586754
27302,33.9424658,-117.2296717
13319,34.1616835,-118.5155492
16733,34.1986599,-118.389158
6255,39.7486553,-105.0538064
26600,34.201146,-118.5789427
21043,47.616869,-122.331184
16619,34.0352123,-118.3786807
29999,34.186607,-118.370931
19541,33.874554,-118.3694688
14704,33.844616,-117.2789564
26948,47.4888401,-122.1688329
26661,33.4483771,-112.0740373
24976,32.2217429,-110.926479
29118,33.7457017,-117.8881167
26833,33.73874,-117.8678864
22683,33.7455731,-117.8678338
12333,33.4669721,-117.6981075
5592,33.7107262,-117.8424331
30724,33.755701,-117.869789
27269,33.7433676,-117.1083164
27907,33.8065036,-118.1912538
25378,37.3675993,-121.8876274
8617,37.318184,-121.907878
26083,33.4216158,-111.9910086
25585,34.1931811,-114.2209868
17335,34.1026669,-117.687006
23761,38.3291834,-104.7174842
24282,34.1648315,-118.6269475
29448,45.5341009,-122.6247045
21279,34.0636105,-118.3100718
8998,38.9281357,-104.8316312
18190,34.096042,-118.3289943
23519,37.7567206,-122.4189176
28312,47.8776905,-122.2693627
23899,37.303737,-121.85874
14809,37.136529,-121.9842801
16177,34.178555,-118.3962117
26897,33.713574,-117.869339
6425,47.6612836,-122.3503239
13775,47.730339,-122.344612
24682,40.9344934,-102.5236643
17550,42.4440023,-83.180968
10566,34.1793947,-118.4574651
23451,34.1494992,-118.4420976
22516,47.574525,-122.3338759
640,37.771935,-122.4299339
20701,33.7280407,-118.2920305
8996,39.7694474,-104.9996196
13745,38.3382728,-104.7408592
21803,42.2555008,-83.6265624
26865,33.999087,-118.4723042
24765,34.251793,-118.388748
30190,33.977779,-117.523051
25139,47.2552721,-122.4892921
28117,47.2435021,-122.4406117
2982,38.836021,-104.760477
30230,47.204197,-122.483716
7991,38.839825,-104.849721
7896,38.8471552,-104.8633463
1994,39.7617656,-105.011351
29412,34.120657,-117.219039
30442,34.221703,-118.427884
16696,47.422837,-122.050652
23830,47.4795276,-122.2048734
29089,34.0489277,-118.3403506
16753,33.1825738,-117.2175966
25341,42.2820629,-83.7857466
22719,33.7804556,-118.152631
18890,34.1973579,-118.5353165
29373,32.711701,-117.102628
25368,33.4094331,-112.40698
7594,34.2009945,-118.4258885
23671,34.192542,-118.448206
5332,39.7403065,-104.9284407
28613,34.1898566,-118.451357
30239,47.865929,-122.280308
23014,33.7042526,-117.8527581
18325,34.1403471,-118.3837512
15286,33.7455731,-117.8678338
13299,47.7329013,-122.3551098
27204,34.0896465,-118.3756545
1375,34.0415207,-118.4294248
21805,47.805672,-122.142383